2.839725443128042315e+00 5.046940460895513070e+00
2.312996001405983826e+00 4.359908174482733045e+00
1.910846149977934338e+00 3.835044339770834032e+00
1.726608666557239991e+00 2.837532112922815042e+00
1.617091510387060449e+00 2.524211403769478501e+00
1.495125830037621784e+00 1.818981411761384726e+00
1.680125627541998234e+00 1.433120512702648730e+00
1.797422892180841059e+00 1.032055081547168740e+00
1.972111224376034144e+00 9.809414551335361443e-01
2.185787092845349555e+00 6.347428484692885231e-01
2.738606798433665723e+00 3.902773183806039770e-01
2.998249071051495740e+00 5.929595207793689760e-01
3.389785004102612298e+00 5.185431433011864488e-01
3.907778684456913787e+00 4.658738073040266103e-01
4.518716141297350219e+00 5.056650532310612567e-01
5.258302505104423652e+00 5.213568166245866609e-01
6.194114333333422096e+00 7.114372602530479872e-01
6.900472805532944953e+00 6.497569632297356401e-01
7.512554026251399897e+00 1.119436647257942452e+00
8.115767889887834485e+00 1.671803901467403541e+00
8.053617414550339859e+00 2.688000876987850507e+00
7.127635092312950782e+00 3.801237594038280765e+00
5.864792620900495912e+00 4.668599108111078699e+00
4.281475343224226293e+00 5.268154744844538051e+00
2.957102903813275230e+00 4.892688606452173516e+00
2.432797430126192317e+00 4.360167304637791119e+00
1.746063273232690838e+00 3.577652733498442927e+00
1.659515139444823761e+00 2.877870198582118899e+00
1.799460752410725783e+00 2.443735565556476086e+00
1.654953390184807027e+00 1.696395549701261496e+00
